37,4
14,5
14,4
68,35
3,2
3,1
3,3
10,202
10,264
10,174
10,242
10,308
10,240
10,146
10,208
10,2
10,3
11,12
11,14
11,16
11,6
11,2
11,3
9,7
9,2
9,3
8,8
8,4
8,14
8,10
63,5
63,4
63,3
8,18
8,2
8,3
63,2
63,1
63,0
62,3
0,391
62,2
12,2
12,1
62,1
12,3
62,0
61,5
61,4
61,3
61,2
61,1
61,0
60,5
60,4
60,3
60,2
60,1
60,0
59,6
59,5
59,4
59,3
59,2
59,1
59,0
58,4
58,3
58,1
57,3
57,1
56,4
56,3
56,1
55,4
19,2
19,1
55,3
55,1
19,3
54,3
54,1
53,3
53,1
52,3
52,1
51,4
51,3
51,1
50,3
50,1
49,4
49,3
49,1
48,3
48,1
47,5
47,3
47,1
46,4
46,3
46,1
45,3
45,1
44,5
44,4
44,3
44,1
43,4
43,3
43,1
42,4
42,3
42,1
41,4
41,3
41,1
40,3
40,1
39,5
39,3
